Date,Open,High,Low,Close
01-01-2018,111.74,111.79,111.69,111.69
28-12-2017,110,112,110,112
27-12-2017,111,111.5,111,111.5
26-12-2017,110.4,111.25,110.4,111.25
22-12-2017,111,111,109.5,109.5
20-12-2017,110.6,110.6,110.5,110.6
19-12-2017,109.6,109.6,109.2,109.2
18-12-2017,109.85,110,109.67,109.67
14-12-2017,107.6,107.6,107.15,107.6
13-12-2017,107.7,108.1,107.7,107.7
12-12-2017,108.9,108.9,108.5,108.53
11-12-2017,109.3,109.3,108.53,108.53
08-12-2017,108.2,108.2,108.2,108.2
07-12-2017,107,107,106.31,106.98
06-12-2017,107,107,105.8,105.8
05-12-2017,107,107,106.15,106.5
04-12-2017,107,107,106.5,106.9
01-12-2017,108.67,108.67,107.5,107.5
29-11-2017,109.85,109.9,109.8,109.9
28-11-2017,109.9,109.9,108,108
22-11-2017,109.4,109.4,109.4,109.4
21-11-2017,108.65,109.5,108.65,109.5
17-11-2017,108.4,108.8,108.4,108.8
16-11-2017,107,107.6,106.5,107.6
15-11-2017,107.4,107.4,106.75,106.75
14-11-2017,108,108,107.7,107.7
13-11-2017,115,119.5,108,108.3
10-11-2017,108,108.35,108,108.35
09-11-2017,108.6,108.6,108,108.05
08-11-2017,109.25,109.3,108.95,108.95
07-11-2017,110.5,110.7,109.8,109.8
06-11-2017,110.4,110.4,110.15,110.15
03-11-2017,113.4,113.4,113,113
02-11-2017,113.3,113.3,113,113
01-11-2017,113,113,113,113
31-10-2017,112.2,112.2,111.5,112
27-10-2017,111.25,111.65,111.25,111.65
25-10-2017,110.35,110.35,110,110.35
24-10-2017,109,110.1,109,109.45
23-10-2017,110.3,110.3,109,109
18-10-2017,110,110,109.5,110
17-10-2017,110.4,110.4,110.2,110.2
16-10-2017,110.25,110.25,110.1,110.1
13-10-2017,109.35,109.35,109.35,109.35
12-10-2017,107.9,107.9,107.5,107.5
11-10-2017,108.8,108.8,108,108
10-10-2017,107.6,108.1,107.6,108.1
09-10-2017,107.9,107.9,107.9,107.9
06-10-2017,106.85,106.85,106.85,106.85
05-10-2017,106.35,106.55,106.35,106.55
04-10-2017,106.35,106.35,106.35,106.35
03-10-2017,109,109,106,106.2
29-09-2017,105.7,105.7,105.7,105.7
28-09-2017,105,105,104.65,104.65
27-09-2017,106.3,106.5,105.25,105.25
26-09-2017,106.3,106.3,106.3,106.3
25-09-2017,108,108,106,106
22-09-2017,108,108,107.75,107.75
21-09-2017,109.9,109.9,109,109.45
20-09-2017,110,110,109.8,109.8
19-09-2017,110,110,109.65,109.65
18-09-2017,110,110.05,110,110.05
15-09-2017,109.15,109.15,109,109
14-09-2017,109.35,109.35,109.35,109.35
13-09-2017,109.45,109.45,109.05,109.05
12-09-2017,108.15,108.15,108.15,108.15
11-09-2017,107.9,107.9,107.9,107.9
08-09-2017,107.3,107.3,107.3,107.3
07-09-2017,107,107.5,107,107.5
06-09-2017,107.3,107.3,106.8,107
05-09-2017,107,107,107,107
04-09-2017,107,107.4,106.75,106.75
01-09-2017,107,107,107,107
31-08-2017,106.25,106.25,106.1,106.25
30-08-2017,106.5,106.5,105.75,105.75
29-08-2017,106.25,106.35,105.6,105.6
28-08-2017,106.6,106.85,106.6,106.85
24-08-2017,106,106.4,105.6,106.4
23-08-2017,105.4,105.4,105.4,105.4
22-08-2017,104.7,104.7,104.7,104.7
21-08-2017,105.75,105.75,105.75,105.75
17-08-2017,106.85,106.85,106.85,106.85
16-08-2017,105.6,105.75,105.5,105.55
14-08-2017,104.9,105.2,104.9,105.2
11-08-2017,104,104.25,104,104.25
10-08-2017,105.6,105.6,105.6,105.6
09-08-2017,106.8,106.8,106.8,106.8
08-08-2017,108.35,108.35,107.5,107.5
07-08-2017,108.35,108.35,107.8,107.8
04-08-2017,107.4,107.4,107.4,107.4
03-08-2017,108,108,107.2,107.2
02-08-2017,108.5,108.5,108,108
01-08-2017,108,108,108,108
31-07-2017,107.6,107.6,107.5,107.5
27-07-2017,108,108,107.5,107.5
26-07-2017,107.2,107.5,107,107.5
25-07-2017,107.3,107.3,106.5,106.5
24-07-2017,110,124.7,105.85,107
21-07-2017,105.95,105.95,105.75,105.75
19-07-2017,105.5,105.5,105.5,105.5
18-07-2017,105.5,105.5,105.5,105.5
17-07-2017,113,123.7,106,106
14-07-2017,105.7,105.7,105.7,105.7
13-07-2017,105.25,105.25,105.15,105.15
12-07-2017,104.8,104.8,104.5,104.5
11-07-2017,105,105,104.5,104.5
10-07-2017,104.2,104.5,104.2,104.25
07-07-2017,103.8,103.8,103.35,103.8
06-07-2017,103.6,103.9,103.6,103.9
05-07-2017,103,103,102.55,102.55
04-07-2017,103.15,103.15,102.8,102.8
03-07-2017,105,115,102.65,102.65
29-06-2017,102.2,102.2,102.2,102.2
28-06-2017,99,101.35,99,101.35
27-06-2017,101.8,101.8,101.8,101.8
23-06-2017,102,102,102,102
21-06-2017,103,103,103,103
20-06-2017,105,105,103.3,103.3
16-06-2017,102.2,102.2,101.85,102
15-06-2017,102.6,102.6,102.6,102.6
14-06-2017,102.5,102.5,102.5,102.5
13-06-2017,102.85,102.85,102.85,102.85
12-06-2017,102.8,102.8,102.8,102.8
09-06-2017,102.5,102.75,102.4,102.75
08-06-2017,100,106,93,102.85
07-06-2017,98,102.9,95.1,102.7
06-06-2017,103,103.2,102.55,102.65
05-06-2017,102.85,103,102.85,103
02-06-2017,105,105,102.85,102.85
01-06-2017,98,102.5,95.1,102.5
31-05-2017,102.3,102.3,102.3,102.3
30-05-2017,101.85,101.85,101.85,101.85
29-05-2017,102,102,102,102
26-05-2017,101.1,101.1,101.1,101.1
25-05-2017,99.6,99.6,99.6,99.6
24-05-2017,100,100,100,100
23-05-2017,99.3,99.3,99.3,99.3
18-05-2017,101,101,101,101
17-05-2017,101.9,101.9,101.9,101.9
16-05-2017,101.1,101.85,101.1,101.2
15-05-2017,100.9,100.9,100.1,100.1
11-05-2017,101.2,101.2,100.75,100.85
10-05-2017,100.25,100.7,100.25,100.7
09-05-2017,103.5,103.5,87,99.5
08-05-2017,103.4,103.5,99.4,99.4
05-05-2017,99.85,99.85,99.85,99.85
04-05-2017,99.7,99.7,99.7,99.7
03-05-2017,100,100,99.35,99.35
02-05-2017,99.65,100,99.65,100
28-04-2017,99.65,99.65,99.2,99.2
27-04-2017,100,100,99.5,99.5
26-04-2017,99.85,99.85,99.5,99.85
25-04-2017,99.15,99.35,99.15,99.15
24-04-2017,103.4,103.4,98,98
21-04-2017,98.15,98.15,97.85,98
20-04-2017,97.1,97.5,97.1,97.5
19-04-2017,93,97.25,93,96.7
18-04-2017,98.5,98.5,98,98
17-04-2017,97.8,97.8,97.8,97.8
13-04-2017,98.1,98.1,98.1,98.1
12-04-2017,98.8,98.8,98.1,98.1
11-04-2017,98.2,98.2,97.6,97.6
10-04-2017,103,103,100,100
07-04-2017,98.6,98.6,98.6,98.6
06-04-2017,98.6,98.6,98.2,98.2
05-04-2017,98.4,98.4,98,98
03-04-2017,99,99,97.6,98.25
31-03-2017,97.25,97.6,97.25,97.55
30-03-2017,97.2,97.3,97.2,97.25
29-03-2017,97,97.2,97,97.2
28-03-2017,96.5,96.8,96.5,96.8
27-03-2017,96.65,96.65,96.65,96.65
24-03-2017,97,97,97,97
23-03-2017,96.35,96.35,96.35,96.35
22-03-2017,96.35,96.35,96.35,96.35
21-03-2017,97,97,97,97
20-03-2017,97.25,97.25,97,97
17-03-2017,97.6,97.6,97.6,97.6
16-03-2017,97,97.1,97,97.1
15-03-2017,96.5,96.5,96.5,96.5
14-03-2017,94.65,96.25,94.65,96.1
10-03-2017,94.65,94.65,94.65,94.65
09-03-2017,94.65,94.65,94.65,94.65
08-03-2017,95.2,95.2,95,95
07-03-2017,95.2,95.2,94.8,95.2
06-03-2017,94.3,95,94.3,95
03-03-2017,94.45,94.45,93.7,94.45
02-03-2017,95.5,95.5,95.2,95.2
01-03-2017,95,95,94.6,94.6
28-02-2017,94.7,94.7,94.7,94.7
27-02-2017,94.9,95.5,94.65,95
23-02-2017,95.9,95.9,94.8,94.8
22-02-2017,95.15,95.15,94.8,94.8
21-02-2017,95,95,93.5,94.1
20-02-2017,93.5,93.5,93.5,93.5
17-02-2017,93.6,93.6,93.6,93.6
15-02-2017,93.25,93.25,93.25,93.25
14-02-2017,93.3,93.3,93.3,93.3
13-02-2017,93.5,93.5,93.5,93.5
10-02-2017,93.6,93.6,93.6,93.6
09-02-2017,92.75,92.75,92.75,92.75
08-02-2017,93.3,93.3,93,93
07-02-2017,93.4,93.5,93,93
06-02-2017,105,105,93,93
03-02-2017,92.7,92.7,92.7,92.7
02-02-2017,92,92.4,92,92.4
01-02-2017,91,91.15,90.5,91.15
31-01-2017,91.15,91.15,91.15,91.15
30-01-2017,91.5,91.5,91.15,91.15
25-01-2017,90,90,90,90
24-01-2017,93,93,87,87
23-01-2017,88.45,88.45,88.45,88.45
20-01-2017,88.7,88.7,88.7,88.7
19-01-2017,97,97,88.7,88.7
18-01-2017,89,89,88.2,88.2
17-01-2017,89.2,89.5,88.8,88.8
16-01-2017,88.5,88.5,88.5,88.5
13-01-2017,88.75,88.75,88.75,88.75
12-01-2017,88.7,88.7,88.7,88.7
11-01-2017,90,90,87.5,88
10-01-2017,87.4,87.4,86.8,86.8
09-01-2017,88,88,87,87
06-01-2017,87.45,87.45,87.45,87.45
05-01-2017,86,86.7,86,86.7
04-01-2017,86,86.7,86,86.7
03-01-2017,83.1,83.1,83.1,83.1
02-01-2017,86,86,86,86
30-12-2016,86,86,85.5,85.5
29-12-2016,84.2,84.75,83.8,84.75
28-12-2016,84.7,84.7,84.7,84.7
27-12-2016,83,83.3,82.7,82.7
26-12-2016,86,86,84,84
23-12-2016,83.8,83.8,83.5,83.5
22-12-2016,84.7,84.7,84.25,84.25
21-12-2016,85.3,85.6,85.3,85.3
20-12-2016,85.5,85.5,85.5,85.5
19-12-2016,88,88,85.5,85.5
16-12-2016,86,86,86,86
15-12-2016,85.5,85.5,85,85
14-12-2016,86.5,86.5,86.5,86.5
13-12-2016,86.2,86.2,86,86
12-12-2016,87,87,86.5,86.5
09-12-2016,87.2,87.2,87.2,87.2
08-12-2016,86.6,86.6,86.6,86.6
07-12-2016,86.2,86.2,86.2,86.2
06-12-2016,86.5,86.5,86.5,86.5
05-12-2016,85.6,85.6,85.6,85.6
02-12-2016,87.3,87.3,87.3,87.3
01-12-2016,86.7,86.7,86.7,86.7
30-11-2016,86.2,86.2,86.2,86.2
29-11-2016,88,88,84,86.3
28-11-2016,85.7,85.7,85.7,85.7
25-11-2016,84.2,84.2,84.2,84.2
24-11-2016,84.2,84.2,84.2,84.2
23-11-2016,84.4,84.4,84.4,84.4
22-11-2016,84.2,84.2,84.2,84.2
21-11-2016,84.3,84.3,83,83
18-11-2016,86,86,85.4,85.4
17-11-2016,85.2,85.2,85.2,85.2
16-11-2016,86,86,85.4,85.4
15-11-2016,88.4,88.4,86,86
11-11-2016,89.2,89.2,88.4,88.4
10-11-2016,90.3,90.3,90.3,90.3
09-11-2016,86.4,86.4,86.1,86.1
08-11-2016,89.8,89.8,89.6,89.6
07-11-2016,86,97,86,89.7
04-11-2016,89,89.3,88,88.5
03-11-2016,90,90,90,90
02-11-2016,89,90.7,89,89.85
01-11-2016,91,91,90.7,90.7
28-10-2016,91,91,91,91
27-10-2016,90.7,90.7,90.7,90.7
26-10-2016,91.2,91.2,91.2,91.2
25-10-2016,92,92,92,92
24-10-2016,92.3,92.3,92.3,92.3
21-10-2016,91.8,91.8,91.5,91.5
20-10-2016,91.5,91.5,91.5,91.5
19-10-2016,91.5,91.5,91.3,91.3
18-10-2016,90,90,90,90
14-10-2016,90.3,90.3,90.3,90.3
13-10-2016,91,91,90.1,90.1
07-10-2016,91.9,91.9,91.9,91.9
06-10-2016,92.5,92.5,92.5,92.5
05-10-2016,92.3,92.5,92.3,92.5
04-10-2016,92,92,92,92
29-09-2016,92.5,92.5,90,90
28-09-2016,91.7,91.7,91.7,91.7
27-09-2016,92,92,92,92
26-09-2016,95,95,92,92
22-09-2016,92.7,92.7,92.4,92.4
21-09-2016,92.4,92.4,92.4,92.4
19-09-2016,92,92,92,92
16-09-2016,92.3,92.3,91.3,92
14-09-2016,92,92,89.3,91
12-09-2016,92,92,91,91
09-09-2016,91,91,90.35,90.35
07-09-2016,94.3,94.3,93.7,93.7
06-09-2016,93,93,93,93
01-09-2016,92,92,92,92
31-08-2016,92.5,92.5,91.6,92
30-08-2016,92,92,92,92
29-08-2016,90,90.5,90,90.5
26-08-2016,90.6,90.6,90.6,90.6
24-08-2016,91.2,91.2,91.2,91.2
23-08-2016,90.7,90.7,90.7,90.7
22-08-2016,90.4,90.4,90.4,90.4
19-08-2016,90.8,90.8,90.8,90.8
18-08-2016,96,96,91.3,91.3
17-08-2016,91,91,91,91
16-08-2016,91,91,91,91
11-08-2016,90.1,90.1,89,89
10-08-2016,91,91,91,91
08-08-2016,91.4,91.4,91.4,91.4
03-08-2016,89,90,88,89.4
02-08-2016,90.3,90.3,90.3,90.3
29-07-2016,91,91,90.25,91
28-07-2016,90,90,90,90
27-07-2016,89.9,91,89.9,91
26-07-2016,89.9,89.9,89.9,89.9
21-07-2016,89.1,89.1,88.3,88.3
20-07-2016,89.4,89.4,88.65,88.65
18-07-2016,89,89,89,89
15-07-2016,89,89,88.5,88.5
14-07-2016,89.2,89.2,88,88.65
13-07-2016,87.8,89.4,87.8,88.4
12-07-2016,87.8,87.8,87.8,87.8
11-07-2016,85.5,88.5,83,88.5
07-07-2016,87.5,87.5,86.5,86.5
05-07-2016,85.3,86.5,85.3,86
30-06-2016,85.3,85.3,85.3,85.3
29-06-2016,84.5,84.5,84.5,84.5
27-06-2016,83.7,83.7,83.7,83.7
24-06-2016,82,83.4,81.5,83.4
22-06-2016,84,84.75,84,84
21-06-2016,84.9,84.9,84.9,84.9
20-06-2016,83.6,85.5,83.6,85.5
15-06-2016,84,85.3,84,85.15
14-06-2016,83.9,83.9,83.9,83.9
13-06-2016,83.7,83.7,83.7,83.7
10-06-2016,84.5,84.5,84.5,84.5
09-06-2016,84,84,84,84
08-06-2016,85.2,85.2,85.2,85.2
07-06-2016,84.8,84.8,84.8,84.8
06-06-2016,84.7,84.7,84.7,84.7
01-06-2016,84.4,84.4,84.4,84.4
30-05-2016,84.4,84.4,84.4,84.4
27-05-2016,82.7,82.7,82.7,82.7
25-05-2016,80.7,80.7,80.3,80.3
18-05-2016,81.3,81.3,81.3,81.3
16-05-2016,81,81,81,81
12-05-2016,80.7,80.7,80.7,80.7
11-05-2016,81.5,81.5,81.5,81.5
10-05-2016,81.4,81.4,81.4,81.4
09-05-2016,80.7,80.7,80.4,80.4
06-05-2016,79.5,79.5,79.5,79.5
05-05-2016,79.1,79.1,79.1,79.1
04-05-2016,80,80,80,80
03-05-2016,80.5,81.5,80.5,81.5
29-04-2016,81,81.5,81,81.5
28-04-2016,88,97,88,92.5
27-04-2016,82.2,97,81.3,93.5
26-04-2016,80,80,80,80
25-04-2016,85,85,85,85
22-04-2016,85,85,85,85
20-04-2016,82.3,82.3,82.3,82.3
18-04-2016,81.6,81.6,81.6,81.6
13-04-2016,81,81,81,81
11-04-2016,82,88,77,81.35
07-04-2016,78.5,78.5,78.5,78.5
06-04-2016,78.4,78.4,78.4,78.4
05-04-2016,78.1,78.1,78.1,78.1
04-04-2016,80,80,80,80
01-04-2016,79.1,79.1,79.1,79.1
31-03-2016,79.9,79.9,78.7,78.7
30-03-2016,79.2,79.2,78.7,78.7
29-03-2016,78.3,78.3,78.3,78.3
28-03-2016,79.5,79.5,79.5,79.5
23-03-2016,79.3,79.3,79.3,79.3
22-03-2016,79,79.5,79,79.5
21-03-2016,78.5,78.5,78.5,78.5
16-03-2016,76.55,76.55,76.55,76.55
14-03-2016,78,78,76.5,76.5
11-03-2016,77.6,77.6,76,76
10-03-2016,76.55,76.55,76.55,76.55
09-03-2016,75.5,75.5,75.5,75.5
08-03-2016,76.4,76.4,76.4,76.4
04-03-2016,76.2,76.2,76.2,76.2
03-03-2016,75.4,75.4,75.4,75.4
02-03-2016,74.65,74.65,74.65,74.65
01-03-2016,72.5,72.5,72.5,72.5
29-02-2016,71.2,71.35,71.2,71.35
26-02-2016,71.8,71.8,71.8,71.8
25-02-2016,71.5,72.8,71.5,71.5
24-02-2016,72,72,72,72
23-02-2016,73.5,73.5,73,73
22-02-2016,73.5,73.5,73,73
19-02-2016,74,74,74,74
18-02-2016,73.25,73.25,73.25,73.25
17-02-2016,71,71,71,71
16-02-2016,73.5,73.5,73.5,73.5
15-02-2016,72.35,72.35,72.35,72.35
12-02-2016,71.5,71.5,71.5,71.5
11-02-2016,73.15,73.15,73.15,73.15
10-02-2016,74,74,74,74
09-02-2016,74.4,74.4,74.4,74.4
08-02-2016,76,76,76,76
05-02-2016,75.25,75.25,75.25,75.25
04-02-2016,75.35,75.35,75.35,75.35
03-02-2016,75,75,75,75
02-02-2016,77,77,77,77
01-02-2016,77.3,77.3,77.3,77.3
29-01-2016,76.5,76.5,76.5,76.5
28-01-2016,76.1,76.1,76.1,76.1
27-01-2016,76,76,76,76
25-01-2016,76,76,75.05,75.05
22-01-2016,75,75,75,75
21-01-2016,75.5,75.5,74,74
20-01-2016,75,75,73.65,73.65
19-01-2016,75.65,75.65,75.65,75.65
18-01-2016,77.9,77.9,75.2,75.35
15-01-2016,77.5,77.5,77.5,77.5
14-01-2016,77,77,77,77
13-01-2016,78.25,78.25,77.05,77.05
12-01-2016,78.25,78.25,78.25,78.25
